 1.00000000e+06
 2.50000000e-07
 0.00000000e+00
 2.50000000e-07
 5.00000000e-07
 7.50000000e-07
 1.00000000e-06
 1.25000000e-06
 1.50000000e-06
 1.75000000e-06
 2.00000000e-06
 2.25000000e-06
 2.50000000e-06
 2.75000000e-06
 3.00000000e-06
 3.25000000e-06
 3.50000000e-06
 3.75000000e-06
 4.00000000e-06
 4.25000000e-06
 4.50000000e-06
 4.75000000e-06
 5.00000000e-06
 5.25000000e-06
 5.50000000e-06
 5.75000000e-06
 6.00000000e-06
 6.25000000e-06
 6.50000000e-06
 6.75000000e-06
 7.00000000e-06
 7.25000000e-06
 7.50000000e-06
 7.75000000e-06
 8.00000000e-06
 8.25000000e-06
 8.50000000e-06
 8.75000000e-06
 9.00000000e-06
 9.25000000e-06
 9.50000000e-06
 9.75000000e-06
 1.00000000e-05
 1.02500000e-05
 1.05000000e-05
 1.07500000e-05
 1.10000000e-05
 1.12500000e-05
 1.15000000e-05
 1.17500000e-05
 1.20000000e-05
 1.22500000e-05
 1.25000000e-05
 1.27500000e-05
 1.30000000e-05
 1.32500000e-05
 1.35000000e-05
 1.37500000e-05
 1.40000000e-05
 1.42500000e-05
 1.45000000e-05
 1.47500000e-05
 1.50000000e-05
 1.52500000e-05
 1.55000000e-05
 1.57500000e-05
 1.60000000e-05
 1.62500000e-05
 1.65000000e-05
 1.67500000e-05
 1.70000000e-05
 1.72500000e-05
 1.75000000e-05
 1.77500000e-05
 1.80000000e-05
 1.82500000e-05
 1.85000000e-05
 1.87500000e-05
 1.90000000e-05
 1.92500000e-05
 1.95000000e-05
 1.97500000e-05
 2.00000000e-05
 2.02500000e-05
 2.05000000e-05
 2.07500000e-05
 2.10000000e-05
 2.12500000e-05
 2.15000000e-05
 2.17500000e-05
 2.20000000e-05
 2.22500000e-05
 2.25000000e-05
 2.27500000e-05
 2.30000000e-05
 2.32500000e-05
 2.35000000e-05
 2.37500000e-05
 2.40000000e-05
 2.42500000e-05
 2.45000000e-05
 2.47500000e-05
 2.50000000e-05
 2.52500000e-05
 2.55000000e-05
 2.57500000e-05
 2.60000000e-05
 2.62500000e-05
 2.65000000e-05
 2.67500000e-05
 2.70000000e-05
 2.72500000e-05
 2.75000000e-05
 2.77500000e-05
 2.80000000e-05
 2.82500000e-05
 2.85000000e-05
 2.87500000e-05
 2.90000000e-05
 2.92500000e-05
 2.95000000e-05
 2.97500000e-05
 3.00000000e-05
 3.02500000e-05
 3.05000000e-05
 3.07500000e-05
 3.10000000e-05
 3.12500000e-05
 3.15000000e-05
 3.17500000e-05
 3.20000000e-05
 3.22500000e-05
 3.25000000e-05
 3.27500000e-05
 3.30000000e-05
 3.32500000e-05
 3.35000000e-05
 3.37500000e-05
 3.40000000e-05
 3.42500000e-05
 3.45000000e-05
 3.47500000e-05
 3.50000000e-05
 3.52500000e-05
 3.55000000e-05
 3.57500000e-05
 3.60000000e-05
 3.62500000e-05
 3.65000000e-05
 3.67500000e-05
 3.70000000e-05
 3.72500000e-05
 3.75000000e-05
 3.77500000e-05
 3.80000000e-05
 3.82500000e-05
 3.85000000e-05
 3.87500000e-05
 3.90000000e-05
 3.92500000e-05
 3.95000000e-05
 3.97500000e-05
 4.00000000e-05
 4.02500000e-05
 4.05000000e-05
 4.07500000e-05
 4.10000000e-05
 4.12500000e-05
 4.15000000e-05
 4.17500000e-05
 4.20000000e-05
 4.22500000e-05
 4.25000000e-05
 4.27500000e-05
 4.30000000e-05
 4.32500000e-05
 4.35000000e-05
 4.37500000e-05
 4.40000000e-05
 4.42500000e-05
 4.45000000e-05
 4.47500000e-05
 4.50000000e-05
 4.52500000e-05
 4.55000000e-05
 4.57500000e-05
 4.60000000e-05
 4.62500000e-05
 4.65000000e-05
 4.67500000e-05
 4.70000000e-05
 4.72500000e-05
 4.75000000e-05
 4.77500000e-05
 4.80000000e-05
 4.82500000e-05
 4.85000000e-05
 4.87500000e-05
 4.90000000e-05
 4.92500000e-05
 4.95000000e-05
 4.97500000e-05
 5.00000000e-05
 5.02500000e-05
 5.05000000e-05
 5.07500000e-05
 5.10000000e-05
 5.12500000e-05
 5.15000000e-05
 5.17500000e-05
 5.20000000e-05
 5.22500000e-05
 5.25000000e-05
 5.27500000e-05
 5.30000000e-05
 5.32500000e-05
 5.35000000e-05
 5.37500000e-05
 5.40000000e-05
 5.42500000e-05
 5.45000000e-05
 5.47500000e-05
 5.50000000e-05
 5.52500000e-05
 5.55000000e-05
 5.57500000e-05
 5.60000000e-05
 5.62500000e-05
 5.65000000e-05
 5.67500000e-05
 5.70000000e-05
 5.72500000e-05
 5.75000000e-05
 5.77500000e-05
 5.80000000e-05
 5.82500000e-05
 5.85000000e-05
 5.87500000e-05
 5.90000000e-05
 5.92500000e-05
 5.95000000e-05
 5.97500000e-05
 6.00000000e-05
 6.02500000e-05
 6.05000000e-05
 6.07500000e-05
 6.10000000e-05
 6.12500000e-05
 6.15000000e-05
 6.17500000e-05
 6.20000000e-05
 6.22500000e-05
 6.25000000e-05
 6.27500000e-05
 6.30000000e-05
 6.32500000e-05
 6.35000000e-05
 6.37500000e-05
 6.40000000e-05
 6.42500000e-05
 6.45000000e-05
 6.47500000e-05
 6.50000000e-05
 6.52500000e-05
 6.55000000e-05
 6.57500000e-05
 6.60000000e-05
 6.62500000e-05
 6.65000000e-05
 6.67500000e-05
 6.70000000e-05
 6.72500000e-05
 6.75000000e-05
 6.77500000e-05
 6.80000000e-05
 6.82500000e-05
 6.85000000e-05
 6.87500000e-05
 6.90000000e-05
 6.92500000e-05
 6.95000000e-05
 6.97500000e-05
 7.00000000e-05
 7.02500000e-05
 7.05000000e-05
 7.07500000e-05
 7.10000000e-05
 7.12500000e-05
 7.15000000e-05
 7.17500000e-05
 7.20000000e-05
 7.22500000e-05
 7.25000000e-05
 7.27500000e-05
 7.30000000e-05
 7.32500000e-05
 7.35000000e-05
 7.37500000e-05
 7.40000000e-05
 7.42500000e-05
 7.45000000e-05
 7.47500000e-05
 7.50000000e-05
 7.52500000e-05
 7.55000000e-05
 7.57500000e-05
 7.60000000e-05
 7.62500000e-05
 7.65000000e-05
 7.67500000e-05
 7.70000000e-05
 7.72500000e-05
 7.75000000e-05
 7.77500000e-05
 7.80000000e-05
 7.82500000e-05
 7.85000000e-05
 7.87500000e-05
 7.90000000e-05
 7.92500000e-05
 7.95000000e-05
 7.97500000e-05
 8.00000000e-05
 8.02500000e-05
 8.05000000e-05
 8.07500000e-05
 8.10000000e-05
 8.12500000e-05
 8.15000000e-05
 8.17500000e-05
 8.20000000e-05
 8.22500000e-05
 8.25000000e-05
 8.27500000e-05
 8.30000000e-05
 8.32500000e-05
 8.35000000e-05
 8.37500000e-05
 8.40000000e-05
 8.42500000e-05
 8.45000000e-05
 8.47500000e-05
 8.50000000e-05
 8.52500000e-05
 8.55000000e-05
 8.57500000e-05
 8.60000000e-05
 8.62500000e-05
 8.65000000e-05
 8.67500000e-05
 8.70000000e-05
 8.72500000e-05
 8.75000000e-05
 8.77500000e-05
 8.80000000e-05
 8.82500000e-05
 8.85000000e-05
 8.87500000e-05
 8.90000000e-05
 8.92500000e-05
 8.95000000e-05
 8.97500000e-05
 9.00000000e-05
 9.02500000e-05
 9.05000000e-05
 9.07500000e-05
 9.10000000e-05
 9.12500000e-05
 9.15000000e-05
 9.17500000e-05
 9.20000000e-05
 9.22500000e-05
 9.25000000e-05
 9.27500000e-05
 9.30000000e-05
 9.32500000e-05
 9.35000000e-05
 9.37500000e-05
 9.40000000e-05
 9.42500000e-05
 9.45000000e-05
 9.47500000e-05
 9.50000000e-05
 9.52500000e-05
 9.55000000e-05
 9.57500000e-05
 9.60000000e-05
 9.62500000e-05
 9.65000000e-05
 9.67500000e-05
 9.70000000e-05
 9.72500000e-05
 9.75000000e-05
 9.77500000e-05
 9.80000000e-05
 9.82500000e-05
 9.85000000e-05
 9.87500000e-05
 9.90000000e-05
 9.92500000e-05
 9.95000000e-05
 9.97500000e-05
 1.00000000e-04
 1.00250000e-04
 1.00500000e-04
 1.00750000e-04
 1.01000000e-04
 1.01250000e-04
 1.01500000e-04
 1.01750000e-04
 1.02000000e-04
 1.02250000e-04
 1.02500000e-04
 1.02750000e-04
 1.03000000e-04
 1.03250000e-04
 1.03500000e-04
 1.03750000e-04
 1.04000000e-04
 1.04250000e-04
 1.04500000e-04
 1.04750000e-04
 1.05000000e-04
 1.05250000e-04
 1.05500000e-04
 1.05750000e-04
 1.06000000e-04
 1.06250000e-04
 1.06500000e-04
 1.06750000e-04
 1.07000000e-04
 1.07250000e-04
 1.07500000e-04
 1.07750000e-04
 1.08000000e-04
 1.08250000e-04
 1.08500000e-04
 1.08750000e-04
 1.09000000e-04
 1.09250000e-04
 1.09500000e-04
 1.09750000e-04
 1.10000000e-04
 1.10250000e-04
 1.10500000e-04
 1.10750000e-04
 1.11000000e-04
 1.11250000e-04
 1.11500000e-04
 1.11750000e-04
 1.12000000e-04
 1.12250000e-04
 1.12500000e-04
 1.12750000e-04
 1.13000000e-04
 1.13250000e-04
 1.13500000e-04
 1.13750000e-04
 1.14000000e-04
 1.14250000e-04
 1.14500000e-04
 1.14750000e-04
 1.15000000e-04
 1.15250000e-04
 1.15500000e-04
 1.15750000e-04
 1.16000000e-04
 1.16250000e-04
 1.16500000e-04
 1.16750000e-04
 1.17000000e-04
 1.17250000e-04
 1.17500000e-04
 1.17750000e-04
 1.18000000e-04
 1.18250000e-04
 1.18500000e-04
 1.18750000e-04
 1.19000000e-04
 1.19250000e-04
 1.19500000e-04
 1.19750000e-04
 1.20000000e-04
 1.20250000e-04
 1.20500000e-04
 1.20750000e-04
 1.21000000e-04
 1.21250000e-04
 1.21500000e-04
 1.21750000e-04
 1.22000000e-04
 1.22250000e-04
 1.22500000e-04
 1.22750000e-04
 1.23000000e-04
 1.23250000e-04
 1.23500000e-04
 1.23750000e-04
 1.24000000e-04
 1.24250000e-04
 1.24500000e-04
 1.24750000e-04
 1.25000000e-04
 1.25250000e-04
 1.25500000e-04
 1.25750000e-04
 1.26000000e-04
 1.26250000e-04
 1.26500000e-04
 1.26750000e-04
 1.27000000e-04
 1.27250000e-04
 1.27500000e-04
 1.27750000e-04
 1.28000000e-04
 1.28250000e-04
 1.28500000e-04
 1.28750000e-04
 1.29000000e-04
 1.29250000e-04
 1.29500000e-04
 1.29750000e-04
 1.30000000e-04
 1.30250000e-04
 1.30500000e-04
 1.30750000e-04
 1.31000000e-04
 1.31250000e-04
 1.31500000e-04
 1.31750000e-04
 1.32000000e-04
 1.32250000e-04
 1.32500000e-04
 1.32750000e-04
 1.33000000e-04
 1.33250000e-04
 1.33500000e-04
 1.33750000e-04
 1.34000000e-04
 1.34250000e-04
 1.34500000e-04
 1.34750000e-04
 1.35000000e-04
 1.35250000e-04
 1.35500000e-04
 1.35750000e-04
 1.36000000e-04
 1.36250000e-04
 1.36500000e-04
 1.36750000e-04
 1.37000000e-04
 1.37250000e-04
 1.37500000e-04
 1.37750000e-04
 1.38000000e-04
 1.38250000e-04
 1.38500000e-04
 1.38750000e-04
 1.39000000e-04
 1.39250000e-04
 1.39500000e-04
 1.39750000e-04
 1.40000000e-04
 1.40250000e-04
 1.40500000e-04
 1.40750000e-04
 1.41000000e-04
 1.41250000e-04
 1.41500000e-04
 1.41750000e-04
 1.42000000e-04
 1.42250000e-04
 1.42500000e-04
 1.42750000e-04
 1.43000000e-04
 1.43250000e-04
 1.43500000e-04
 1.43750000e-04
 1.44000000e-04
 1.44250000e-04
 1.44500000e-04
 1.44750000e-04
 1.45000000e-04
 1.45250000e-04
 1.45500000e-04
 1.45750000e-04
 1.46000000e-04
 1.46250000e-04
 1.46500000e-04
 1.46750000e-04
 1.47000000e-04
 1.47250000e-04
 1.47500000e-04
 1.47750000e-04
 1.48000000e-04
 1.48250000e-04
 1.48500000e-04
 1.48750000e-04
 1.49000000e-04
 1.49250000e-04
 1.49500000e-04
 1.49750000e-04
 1.50000000e-04
 1.50250000e-04
 1.50500000e-04
 1.50750000e-04
 1.51000000e-04
 1.51250000e-04
 1.51500000e-04
 1.51750000e-04
 1.52000000e-04
 1.52250000e-04
 1.52500000e-04
 1.52750000e-04
 1.53000000e-04
 1.53250000e-04
 1.53500000e-04
 1.53750000e-04
 1.54000000e-04
 1.54250000e-04
 1.54500000e-04
 1.54750000e-04
 1.55000000e-04
 1.55250000e-04
 1.55500000e-04
 1.55750000e-04
 1.56000000e-04
 1.56250000e-04
 1.56500000e-04
 1.56750000e-04
 1.57000000e-04
 1.57250000e-04
 1.57500000e-04
 1.57750000e-04
 1.58000000e-04
 1.58250000e-04
 1.58500000e-04
 1.58750000e-04
 1.59000000e-04
 1.59250000e-04
 1.59500000e-04
 1.59750000e-04
 1.60000000e-04
 1.60250000e-04
 1.60500000e-04
 1.60750000e-04
 1.61000000e-04
 1.61250000e-04
 1.61500000e-04
 1.61750000e-04
 1.62000000e-04
 1.62250000e-04
 1.62500000e-04
 1.62750000e-04
 1.63000000e-04
 1.63250000e-04
 1.63500000e-04
 1.63750000e-04
 1.64000000e-04
 1.64250000e-04
 1.64500000e-04
 1.64750000e-04
 1.65000000e-04
 1.65250000e-04
 1.65500000e-04
 1.65750000e-04
 1.66000000e-04
 1.66250000e-04
 1.66500000e-04
 1.66750000e-04
 1.67000000e-04
 1.67250000e-04
 1.67500000e-04
 1.67750000e-04
 1.68000000e-04
 1.68250000e-04
 1.68500000e-04
 1.68750000e-04
 1.69000000e-04
 1.69250000e-04
 1.69500000e-04
 1.69750000e-04
 1.70000000e-04
 1.70250000e-04
 1.70500000e-04
 1.70750000e-04
 1.71000000e-04
 1.71250000e-04
 1.71500000e-04
 1.71750000e-04
 1.72000000e-04
 1.72250000e-04
 1.72500000e-04
 1.72750000e-04
 1.73000000e-04
 1.73250000e-04
 1.73500000e-04
 1.73750000e-04
 1.74000000e-04
 1.74250000e-04
 1.74500000e-04
 1.74750000e-04
 1.75000000e-04
 1.75250000e-04
 1.75500000e-04
 1.75750000e-04
 1.76000000e-04
 1.76250000e-04
 1.76500000e-04
 1.76750000e-04
 1.77000000e-04
 1.77250000e-04
 1.77500000e-04
 1.77750000e-04
 1.78000000e-04
 1.78250000e-04
 1.78500000e-04
 1.78750000e-04
 1.79000000e-04
 1.79250000e-04
 1.79500000e-04
 1.79750000e-04
 1.80000000e-04
 1.80250000e-04
 1.80500000e-04
 1.80750000e-04
 1.81000000e-04
 1.81250000e-04
 1.81500000e-04
 1.81750000e-04
 1.82000000e-04
 1.82250000e-04
 1.82500000e-04
 1.82750000e-04
 1.83000000e-04
 1.83250000e-04
 1.83500000e-04
 1.83750000e-04
 1.84000000e-04
 1.84250000e-04
 1.84500000e-04
 1.84750000e-04
 1.85000000e-04
 1.85250000e-04
 1.85500000e-04
 1.85750000e-04
 1.86000000e-04
 1.86250000e-04
 1.86500000e-04
 1.86750000e-04
 1.87000000e-04
 1.87250000e-04
 1.87500000e-04
 1.87750000e-04
 1.88000000e-04
 1.88250000e-04
 1.88500000e-04
 1.88750000e-04
 1.89000000e-04
 1.89250000e-04
 1.89500000e-04
 1.89750000e-04
 1.90000000e-04
 1.90250000e-04
 1.90500000e-04
 1.90750000e-04
 1.91000000e-04
 1.91250000e-04
 1.91500000e-04
 1.91750000e-04
 1.92000000e-04
 1.92250000e-04
 1.92500000e-04
 1.92750000e-04
 1.93000000e-04
 1.93250000e-04
 1.93500000e-04
 1.93750000e-04
 1.94000000e-04
 1.94250000e-04
 1.94500000e-04
 1.94750000e-04
 1.95000000e-04
 1.95250000e-04
 1.95500000e-04
 1.95750000e-04
 1.96000000e-04
 1.96250000e-04
 1.96500000e-04
 1.96750000e-04
 1.97000000e-04
 1.97250000e-04
 1.97500000e-04
 1.97750000e-04
 1.98000000e-04
 1.98250000e-04
 1.98500000e-04
 1.98750000e-04
 1.99000000e-04
 1.99250000e-04
 1.99500000e-04
 1.99750000e-04
 2.00000000e-04
 2.00250000e-04
 2.00500000e-04
 2.00750000e-04
 2.01000000e-04
 2.01250000e-04
 2.01500000e-04
 2.01750000e-04
 2.02000000e-04
 2.02250000e-04
 2.02500000e-04
 2.02750000e-04
 2.03000000e-04
 2.03250000e-04
 2.03500000e-04
 2.03750000e-04
 2.04000000e-04
 2.04250000e-04
 2.04500000e-04
 2.04750000e-04
 2.05000000e-04
 2.05250000e-04
 2.05500000e-04
 2.05750000e-04
 2.06000000e-04
 2.06250000e-04
 2.06500000e-04
 2.06750000e-04
 2.07000000e-04
 2.07250000e-04
 2.07500000e-04
 2.07750000e-04
 2.08000000e-04
 2.08250000e-04
 2.08500000e-04
 2.08750000e-04
 2.09000000e-04
 2.09250000e-04
 2.09500000e-04
 2.09750000e-04
 2.10000000e-04
 2.10250000e-04
 2.10500000e-04
 2.10750000e-04
 2.11000000e-04
 2.11250000e-04
 2.11500000e-04
 2.11750000e-04
 2.12000000e-04
 2.12250000e-04
 2.12500000e-04
 2.12750000e-04
 2.13000000e-04
 2.13250000e-04
 2.13500000e-04
 2.13750000e-04
 2.14000000e-04
 2.14250000e-04
 2.14500000e-04
 2.14750000e-04
 2.15000000e-04
 2.15250000e-04
 2.15500000e-04
 2.15750000e-04
 2.16000000e-04
 2.16250000e-04
 2.16500000e-04
 2.16750000e-04
 2.17000000e-04
 2.17250000e-04
 2.17500000e-04
 2.17750000e-04
 2.18000000e-04
 2.18250000e-04
 2.18500000e-04
 2.18750000e-04
 2.19000000e-04
 2.19250000e-04
 2.19500000e-04
 2.19750000e-04
 2.20000000e-04
 2.20250000e-04
 2.20500000e-04
 2.20750000e-04
 2.21000000e-04
 2.21250000e-04
 2.21500000e-04
 2.21750000e-04
 2.22000000e-04
 2.22250000e-04
 2.22500000e-04
 2.22750000e-04
 2.23000000e-04
 2.23250000e-04
 2.23500000e-04
 2.23750000e-04
 2.24000000e-04
 2.24250000e-04
 2.24500000e-04
 2.24750000e-04
 2.25000000e-04
 2.25250000e-04
 2.25500000e-04
 2.25750000e-04
 2.26000000e-04
 2.26250000e-04
 2.26500000e-04
 2.26750000e-04
 2.27000000e-04
 2.27250000e-04
 2.27500000e-04
 2.27750000e-04
 2.28000000e-04
 2.28250000e-04
 2.28500000e-04
 2.28750000e-04
 2.29000000e-04
 2.29250000e-04
 2.29500000e-04
 2.29750000e-04
 2.30000000e-04
 2.30250000e-04
 2.30500000e-04
 2.30750000e-04
 2.31000000e-04
 2.31250000e-04
 2.31500000e-04
 2.31750000e-04
 2.32000000e-04
 2.32250000e-04
 2.32500000e-04
 2.32750000e-04
 2.33000000e-04
 2.33250000e-04
 2.33500000e-04
 2.33750000e-04
 2.34000000e-04
 2.34250000e-04
 2.34500000e-04
 2.34750000e-04
 2.35000000e-04
 2.35250000e-04
 2.35500000e-04
 2.35750000e-04
 2.36000000e-04
 2.36250000e-04
 2.36500000e-04
 2.36750000e-04
 2.37000000e-04
 2.37250000e-04
 2.37500000e-04
 2.37750000e-04
 2.38000000e-04
 2.38250000e-04
 2.38500000e-04
 2.38750000e-04
 2.39000000e-04
 2.39250000e-04
 2.39500000e-04
 2.39750000e-04
 2.40000000e-04
 2.40250000e-04
 2.40500000e-04
 2.40750000e-04
 2.41000000e-04
 2.41250000e-04
 2.41500000e-04
 2.41750000e-04
 2.42000000e-04
 2.42250000e-04
 2.42500000e-04
 2.42750000e-04
 2.43000000e-04
 2.43250000e-04
 2.43500000e-04
 2.43750000e-04
 2.44000000e-04
 2.44250000e-04
 2.44500000e-04
 2.44750000e-04
 2.45000000e-04
 2.45250000e-04
 2.45500000e-04
 2.45750000e-04
 2.46000000e-04
 2.46250000e-04
 2.46500000e-04
 2.46750000e-04
 2.47000000e-04
 2.47250000e-04
 2.47500000e-04
 2.47750000e-04
 2.48000000e-04
 2.48250000e-04
 2.48500000e-04
 2.48750000e-04
 2.49000000e-04
 2.49250000e-04
 2.49500000e-04
 2.49750000e-04
 0.00000000e+00 3.75995364e-01
 2.50000000e-07 8.64178206e-01
 5.00000000e-07 -1.93535260e-02
 7.50000000e-07 5.56552206e-01
 1.00000000e-06 -3.05707975e-01
 1.25000000e-06 -7.97706079e-02
 1.50000000e-06 4.63779965e-01
 1.75000000e-06 -8.02500040e-01
 2.00000000e-06 6.08563281e-01
 2.25000000e-06 -3.20519691e-01
 2.50000000e-06 -6.94371808e-01
 2.75000000e-06 -1.22856212e-01
 3.00000000e-06 -2.01447512e+00
 3.25000000e-06 1.77164932e+00
 3.50000000e-06 -3.01818602e-01
 3.75000000e-06 2.01593481e-01
 4.00000000e-06 -1.23730082e+00
 4.25000000e-06 -1.39273647e+00
 4.50000000e-06 -3.87608899e-01
 4.75000000e-06 1.07664584e+00
 5.00000000e-06 2.44638851e+00
 5.25000000e-06 -7.81098902e-01
 5.50000000e-06 -1.31119000e+00
 5.75000000e-06 -2.16376754e-01
 6.00000000e-06 -8.41569877e-01
 6.25000000e-06 8.75742697e-01
 6.50000000e-06 1.55526040e+00
 6.75000000e-06 1.37422770e-03
 7.00000000e-06 -1.10448231e+00
 7.25000000e-06 -1.20296473e+00
 7.50000000e-06 9.55027910e-01
 7.75000000e-06 -1.76374534e+00
 8.00000000e-06 -5.96482127e-01
 8.25000000e-06 -2.01348797e-01
 8.50000000e-06 1.81500456e+00
 8.75000000e-06 -1.18012867e-01
 9.00000000e-06 -2.38332998e+00
 9.25000000e-06 -1.36832587e+00
 9.50000000e-06 9.53967455e-01
 9.75000000e-06 1.35229105e+00
 1.00000000e-05 3.70161117e-01
 1.02500000e-05 -1.56396180e-01
 1.05000000e-05 -1.70128206e+00
 1.07500000e-05 6.19446928e-01
 1.10000000e-05 5.04323240e-01
 1.12500000e-05 8.76119480e-01
 1.15000000e-05 -7.99036866e-01
 1.17500000e-05 3.52291242e-01
 1.20000000e-05 7.65555355e-01
 1.22500000e-05 6.10978703e-01
 1.25000000e-05 4.62030742e-01
 1.27500000e-05 -2.14447591e+00
 1.30000000e-05 -1.07657871e+00
 1.32500000e-05 6.17831395e-01
 1.35000000e-05 -1.56180335e-01
 1.37500000e-05 -1.00230832e+00
 1.40000000e-05 -9.73210498e-01
 1.42500000e-05 1.81529476e+00
 1.45000000e-05 6.24316806e-01
 1.47500000e-05 1.03573520e+00
 1.50000000e-05 -6.31527882e-01
 1.52500000e-05 -9.67752397e-02
 1.55000000e-05 -4.53125893e-01
 1.57500000e-05 -5.48610083e-01
 1.60000000e-05 -1.30452532e-01
 1.62500000e-05 -1.18708562e+00
 1.65000000e-05 1.17159058e+00
 1.67500000e-05 3.09315954e-01
 1.70000000e-05 7.58385186e-01
 1.72500000e-05 8.20795115e-01
 1.75000000e-05 3.04541939e-01
 1.77500000e-05 1.26852239e+00
 1.80000000e-05 6.01851330e-02
 1.82500000e-05 1.33544435e+00
 1.85000000e-05 2.37022128e+00
 1.87500000e-05 1.49788858e+00
 1.90000000e-05 -4.31490617e-01
 1.92500000e-05 1.08434913e+00
 1.95000000e-05 2.83339152e-01
 1.97500000e-05 2.67699293e-01
 2.00000000e-05 -8.97233023e-01
 2.02500000e-05 -2.95402662e-01
 2.05000000e-05 -1.18990678e-01
 2.07500000e-05 6.91312291e-01
 2.10000000e-05 -1.06834567e+00
 2.12500000e-05 -1.12228375e+00
 2.15000000e-05 2.38577966e+00
 2.17500000e-05 5.08497754e-01
 2.20000000e-05 1.22677296e+00
 2.22500000e-05 -2.18575513e+00
 2.25000000e-05 1.23979590e+00
 2.27500000e-05 -1.24566455e-01
 2.30000000e-05 1.64606403e+00
 2.32500000e-05 8.85209847e-02
 2.35000000e-05 1.09881060e+00
 2.37500000e-05 1.67241591e+00
 2.40000000e-05 -5.30560377e-01
 2.42500000e-05 -5.72254183e-01
 2.45000000e-05 -1.49264280e+00
 2.47500000e-05 -1.63185144e-01
 2.50000000e-05 1.06981645e-01
 2.52500000e-05 -1.71653097e-01
 2.55000000e-05 -1.34816565e+00
 2.57500000e-05 3.69189318e-02
 2.60000000e-05 1.15122254e+00
 2.62500000e-05 7.57881915e-01
 2.65000000e-05 8.61088322e-01
 2.67500000e-05 8.09415804e-01
 2.70000000e-05 -8.55564364e-01
 2.72500000e-05 1.75018162e-01
 2.75000000e-05 -3.18529110e-01
 2.77500000e-05 1.26403516e-01
 2.80000000e-05 7.50141155e-01
 2.82500000e-05 1.49599870e-01
 2.85000000e-05 -1.27142748e+00
 2.87500000e-05 -3.80748772e-01
 2.90000000e-05 -1.08434396e+00
 2.92500000e-05 5.90307099e-01
 2.95000000e-05 -2.33074270e-02
 2.97500000e-05 2.96313887e-01
 3.00000000e-05 -6.01864541e-01
 3.02500000e-05 1.28123888e+00
 3.05000000e-05 6.32374608e-01
 3.07500000e-05 -3.80411574e-02
 3.10000000e-05 1.40884199e+00
 3.12500000e-05 2.98004236e-01
 3.15000000e-05 1.60470833e-01
 3.17500000e-05 -1.01119915e-01
 3.20000000e-05 8.51003667e-01
 3.22500000e-05 -4.54323547e-01
 3.25000000e-05 7.40851981e-01
 3.27500000e-05 7.50496350e-01
 3.30000000e-05 1.32677847e+00
 3.32500000e-05 7.06070999e-01
 3.35000000e-05 -2.12542731e-01
 3.37500000e-05 1.38007236e+00
 3.40000000e-05 -7.36375962e-01
 3.42500000e-05 -1.72782534e+00
 3.45000000e-05 -4.19232765e-01
 3.47500000e-05 -4.75118739e-01
 3.50000000e-05 2.01723673e+00
 3.52500000e-05 9.17101676e-02
 3.55000000e-05 -9.37730109e-01
 3.57500000e-05 -3.60838281e-01
 3.60000000e-05 5.17735926e-01
 3.62500000e-05 8.79906536e-01
 3.65000000e-05 3.82615644e-01
 3.67500000e-05 7.86535065e-02
 3.70000000e-05 -1.61834467e+00
 3.72500000e-05 3.95577288e-01
 3.75000000e-05 6.53814199e-01
 3.77500000e-05 -1.12728151e+00
 3.80000000e-05 5.56921148e-01
 3.82500000e-05 3.22196546e-01
 3.85000000e-05 -1.33165329e+00
 3.87500000e-05 5.36538870e-01
 3.90000000e-05 -1.15775801e+00
 3.92500000e-05 1.79887937e-01
 3.95000000e-05 -1.93098773e+00
 3.97500000e-05 -8.12463590e-01
 4.00000000e-05 -9.48640514e-01
 4.02500000e-05 -1.20210951e+00
 4.05000000e-05 -6.52215965e-01
 4.07500000e-05 -1.96524403e-01
 4.10000000e-05 4.15816094e-01
 4.12500000e-05 1.44170002e+00
 4.15000000e-05 -1.72541274e+00
 4.17500000e-05 -1.45819442e-01
 4.20000000e-05 1.44350329e-03
 4.22500000e-05 6.14559259e-01
 4.25000000e-05 -7.72556073e-01
 4.27500000e-05 -1.66467697e+00
 4.30000000e-05 7.09191515e-01
 4.32500000e-05 -7.92863710e-02
 4.35000000e-05 -5.51878273e-01
 4.37500000e-05 -1.64356569e-01
 4.40000000e-05 6.61687864e-01
 4.42500000e-05 1.44249835e+00
 4.45000000e-05 -2.26390263e+00
 4.47500000e-05 -9.32776147e-01
 4.50000000e-05 -4.46431440e-01
 4.52500000e-05 -2.02444782e+00
 4.55000000e-05 -1.13865710e+00
 4.57500000e-05 1.53359432e+00
 4.60000000e-05 2.42014576e-01
 4.62500000e-05 -1.74677495e+00
 4.65000000e-05 5.94772254e-01
 4.67500000e-05 9.22383648e-02
 4.70000000e-05 6.11811305e-01
 4.72500000e-05 1.69838618e+00
 4.75000000e-05 1.31585662e+00
 4.77500000e-05 -2.11416000e-01
 4.80000000e-05 1.14275428e+00
 4.82500000e-05 9.31215940e-01
 4.85000000e-05 -1.74763675e-01
 4.87500000e-05 -1.23939885e+00
 4.90000000e-05 -2.58434549e-01
 4.92500000e-05 8.67685886e-02
 4.95000000e-05 1.02295759e+00
 4.97500000e-05 6.75930494e-01
 5.00000000e-05 -6.09893487e-01
 5.02500000e-05 -9.80623771e-01
 5.05000000e-05 5.20039178e-01
 5.07500000e-05 -1.46976103e-01
 5.10000000e-05 3.85290096e-01
 5.12500000e-05 -3.46512559e-01
 5.15000000e-05 -1.09163899e-01
 5.17500000e-05 3.81869454e-01
 5.20000000e-05 1.34502443e+00
 5.22500000e-05 3.33690452e-01
 5.25000000e-05 -1.50671351e+00
 5.27500000e-05 -1.07470970e+00
 5.30000000e-05 -7.45191797e-01
 5.32500000e-05 3.67837493e-01
 5.35000000e-05 -1.15658784e+00
 5.37500000e-05 -1.90057798e+00
 5.40000000e-05 1.33474344e-01
 5.42500000e-05 -4.90800412e-01
 5.45000000e-05 8.89090824e-01
 5.47500000e-05 -7.60434941e-01
 5.50000000e-05 1.09208137e+00
 5.52500000e-05 1.11274051e+00
 5.55000000e-05 -9.40360776e-01
 5.57500000e-05 -6.14334953e-01
 5.60000000e-05 -7.73277485e-01
 5.62500000e-05 1.72051329e+00
 5.65000000e-05 4.42262315e-02
 5.67500000e-05 6.84264418e-01
 5.70000000e-05 -1.98079029e-01
 5.72500000e-05 -1.81046690e+00
 5.75000000e-05 3.46543510e-01
 5.77500000e-05 6.52338655e-01
 5.80000000e-05 -2.22718565e-02
 5.82500000e-05 -1.62764768e+00
 5.85000000e-05 9.63363018e-01
 5.87500000e-05 -7.08314418e-01
 5.90000000e-05 -1.10744610e+00
 5.92500000e-05 8.65614882e-01
 5.95000000e-05 8.73016055e-01
 5.97500000e-05 4.36999642e-01
 6.00000000e-05 3.81760457e-02
 6.02500000e-05 1.45672020e+00
 6.05000000e-05 1.73897163e-01
 6.07500000e-05 9.71488072e-01
 6.10000000e-05 -5.44843401e-01
 6.12500000e-05 -1.79339285e+00
 6.15000000e-05 2.49586737e-01
 6.17500000e-05 -1.74778847e+00
 6.20000000e-05 1.49454755e+00
 6.22500000e-05 -2.41222647e-01
 6.25000000e-05 1.06688714e+00
 6.27500000e-05 8.25435689e-01
 6.30000000e-05 5.10505120e-01
 6.32500000e-05 -1.05430400e+00
 6.35000000e-05 -2.54485046e-01
 6.37500000e-05 7.74396081e-01
 6.40000000e-05 -1.05236981e+00
 6.42500000e-05 5.32583036e-01
 6.45000000e-05 -1.36051704e-01
 6.47500000e-05 1.39800399e+00
 6.50000000e-05 5.16475769e-01
 6.52500000e-05 -9.63268318e-01
 6.55000000e-05 -5.60687047e-02
 6.57500000e-05 -7.06032387e-01
 6.60000000e-05 -1.47343432e-01
 6.62500000e-05 -7.04150370e-01
 6.65000000e-05 -1.06868870e+00
 6.67500000e-05 -1.41396546e+00
 6.70000000e-05 -4.71217894e-01
 6.72500000e-05 2.22985676e+00
 6.75000000e-05 4.51703381e-01
 6.77500000e-05 -2.11051857e+00
 6.80000000e-05 -2.08065750e-01
 6.82500000e-05 -9.44736589e-01
 6.85000000e-05 -3.06232968e-02
 6.87500000e-05 4.43103837e-01
 6.90000000e-05 1.66238008e-01
 6.92500000e-05 -8.43249255e-01
 6.95000000e-05 -1.44717934e-01
 6.97500000e-05 1.40975774e-01
 7.00000000e-05 -6.27472909e-01
 7.02500000e-05 -1.66623180e-01
 7.05000000e-05 4.86782187e-01
 7.07500000e-05 -5.09659891e-01
 7.10000000e-05 -1.72736297e+00
 7.12500000e-05 2.02219136e-01
 7.15000000e-05 1.58154281e+00
 7.17500000e-05 7.57110785e-01
 7.20000000e-05 7.21133307e-02
 7.22500000e-05 -5.35990953e-01
 7.25000000e-05 -1.40612134e-01
 7.27500000e-05 8.13008048e-01
 7.30000000e-05 8.52361684e-01
 7.32500000e-05 7.13354644e-01
 7.35000000e-05 -9.90885474e-01
 7.37500000e-05 -2.26373238e-01
 7.40000000e-05 -4.56761966e-01
 7.42500000e-05 1.84054790e-01
 7.45000000e-05 -4.15909507e-01
 7.47500000e-05 2.11824889e-01
 7.50000000e-05 -5.18342742e-01
 7.52500000e-05 -3.36063713e-02
 7.55000000e-05 -1.31717125e+00
 7.57500000e-05 -1.00662602e+00
 7.60000000e-05 -7.80066383e-01
 7.62500000e-05 5.97598305e-01
 7.65000000e-05 -1.60307568e+00
 7.67500000e-05 -8.48275828e-02
 7.70000000e-05 -6.63415964e-01
 7.72500000e-05 -1.87870410e-01
 7.75000000e-05 -1.72009618e+00
 7.77500000e-05 1.67960068e+00
 7.80000000e-05 1.39140828e+00
 7.82500000e-05 7.87700116e-01
 7.85000000e-05 -1.11150702e-02
 7.87500000e-05 -4.50654833e-01
 7.90000000e-05 4.10571898e-01
 7.92500000e-05 -1.16839914e+00
 7.95000000e-05 7.75650981e-01
 7.97500000e-05 7.82439845e-01
 8.00000000e-05 5.04961557e-01
 8.02500000e-05 8.79178395e-01
 8.05000000e-05 1.42842447e+00
 8.07500000e-05 -6.61544990e-01
 8.10000000e-05 -1.18539102e+00
 8.12500000e-05 -1.08933286e+00
 8.15000000e-05 -1.17074534e+00
 8.17500000e-05 2.75282392e-01
 8.20000000e-05 7.90567315e-01
 8.22500000e-05 1.70152026e-01
 8.25000000e-05 -2.59876664e+00
 8.27500000e-05 5.71281023e-01
 8.30000000e-05 5.79643305e-01
 8.32500000e-05 2.44335470e+00
 8.35000000e-05 1.94089523e+00
 8.37500000e-05 -1.10434152e+00
 8.40000000e-05 -1.36200953e+00
 8.42500000e-05 -3.88199079e-01
 8.45000000e-05 1.40295542e+00
 8.47500000e-05 -9.72212609e-03
 8.50000000e-05 4.81960335e-02
 8.52500000e-05 -3.65793617e-01
 8.55000000e-05 -5.08604928e-01
 8.57500000e-05 1.81695159e-02
 8.60000000e-05 9.89027808e-01
 8.62500000e-05 2.46299158e-01
 8.65000000e-05 -1.21103330e+00
 8.67500000e-05 5.32247481e-01
 8.70000000e-05 1.10739795e+00
 8.72500000e-05 1.93566260e-01
 8.75000000e-05 3.36314224e-02
 8.77500000e-05 5.28350209e-01
 8.80000000e-05 -5.27455467e-01
 8.82500000e-05 -4.52804816e-01
 8.85000000e-05 5.56226253e-01
 8.87500000e-05 -6.19221755e-01
 8.90000000e-05 1.92098259e-01
 8.92500000e-05 -1.45198232e+00
 8.95000000e-05 -3.78656646e-01
 8.97500000e-05 -6.16503113e-01
 9.00000000e-05 1.85656606e+00
 9.02500000e-05 -4.71619155e-01
 9.05000000e-05 2.63856039e+00
 9.07500000e-05 3.90146850e-01
 9.10000000e-05 -7.56662343e-01
 9.12500000e-05 -1.09248226e+00
 9.15000000e-05 -5.59278796e-01
 9.17500000e-05 1.64477600e+00
 9.20000000e-05 1.69214798e+00
 9.22500000e-05 4.40492921e-01
 9.25000000e-05 -3.66268738e-01
 9.27500000e-05 -1.04562724e+00
 9.30000000e-05 8.24741926e-01
 9.32500000e-05 1.72377024e+00
 9.35000000e-05 7.84050960e-01
 9.37500000e-05 -2.37668567e-02
 9.40000000e-05 2.03073506e+00
 9.42500000e-05 -1.27312311e+00
 9.45000000e-05 -6.73968737e-01
 9.47500000e-05 -5.91261755e-01
 9.50000000e-05 1.35439814e+00
 9.52500000e-05 -9.54777658e-02
 9.55000000e-05 -9.59071083e-01
 9.57500000e-05 -1.59919070e+00
 9.60000000e-05 4.30402042e-01
 9.62500000e-05 2.66176614e-01
 9.65000000e-05 -2.09539857e-01
 9.67500000e-05 -1.40464373e+00
 9.70000000e-05 -1.72237484e+00
 9.72500000e-05 -4.21883336e-01
 9.75000000e-05 -3.05664236e-01
 9.77500000e-05 -5.82668225e-01
 9.80000000e-05 -1.47218983e+00
 9.82500000e-05 6.73689214e-01
 9.85000000e-05 7.31622896e-01
 9.87500000e-05 -1.02763498e+00
 9.90000000e-05 6.37925247e-01
 9.92500000e-05 8.70745104e-01
 9.95000000e-05 7.02837632e-01
 9.97500000e-05 -1.56287066e+00
 1.00000000e-04 6.50712480e-01
 1.00250000e-04 -4.99222548e-01
 1.00500000e-04 -2.12019752e+00
 1.00750000e-04 -4.57665440e-01
 1.01000000e-04 -8.20042571e-01
 1.01250000e-04 1.84640805e+00
 1.01500000e-04 -1.08416409e+00
 1.01750000e-04 1.33388329e+00
 1.02000000e-04 3.51342827e-01
 1.02250000e-04 -7.85030817e-01
 1.02500000e-04 -1.81794277e-01
 1.02750000e-04 -2.14311310e-01
 1.03000000e-04 6.63592651e-02
 1.03250000e-04 1.52239527e+00
 1.03500000e-04 1.37423215e+00
 1.03750000e-04 1.59894423e+00
 1.04000000e-04 -1.46376636e-01
 1.04250000e-04 1.80173858e+00
 1.04500000e-04 -2.59878058e-01
 1.04750000e-04 -3.11889140e-01
 1.05000000e-04 -4.41173615e-01
 1.05250000e-04 1.35511650e+00
 1.05500000e-04 1.00794477e+00
 1.05750000e-04 1.01369811e-01
 1.06000000e-04 -4.61704737e-01
 1.06250000e-04 1.74937471e+00
 1.06500000e-04 1.84534056e+00
 1.06750000e-04 -6.72224691e-01
 1.07000000e-04 1.46809328e+00
 1.07250000e-04 7.52432355e-01
 1.07500000e-04 -3.82203231e-01
 1.07750000e-04 -6.97080755e-02
 1.08000000e-04 -2.31993467e-01
 1.08250000e-04 -1.36281554e+00
 1.08500000e-04 3.20592550e-01
 1.08750000e-04 1.35364503e+00
 1.09000000e-04 1.86307618e+00
 1.09250000e-04 -1.22545830e-01
 1.09500000e-04 -6.82159342e-01
 1.09750000e-04 -1.01386101e+00
 1.10000000e-04 2.68761931e-01
 1.10250000e-04 4.65307875e-01
 1.10500000e-04 -6.55885194e-01
 1.10750000e-04 -8.59238840e-01
 1.11000000e-04 -1.15809605e+00
 1.11250000e-04 1.22663778e+00
 1.11500000e-04 3.32425717e-01
 1.11750000e-04 5.09791151e-01
 1.12000000e-04 6.17974714e-02
 1.12250000e-04 2.87438106e-01
 1.12500000e-04 -3.12580996e+00
 1.12750000e-04 1.70825017e-01
 1.13000000e-04 -7.85335972e-01
 1.13250000e-04 -1.88407597e-01
 1.13500000e-04 -1.04092457e+00
 1.13750000e-04 7.69391695e-01
 1.14000000e-04 -1.26092131e+00
 1.14250000e-04 -1.85615675e+00
 1.14500000e-04 -7.84924416e-01
 1.14750000e-04 2.98532646e-01
 1.15000000e-04 1.30631187e+00
 1.15250000e-04 -1.78164679e+00
 1.15500000e-04 -1.99982657e-01
 1.15750000e-04 -8.54447703e-01
 1.16000000e-04 -3.54418341e-01
 1.16250000e-04 -1.20521376e+00
 1.16500000e-04 -1.69951497e+00
 1.16750000e-04 -1.12833850e+00
 1.17000000e-04 1.80865452e-01
 1.17250000e-04 -3.56585765e-01
 1.17500000e-04 1.97508698e+00
 1.17750000e-04 4.46775322e-01
 1.18000000e-04 6.52971100e-01
 1.18250000e-04 -8.62183342e-01
 1.18500000e-04 8.68671755e-01
 1.18750000e-04 -3.80661455e-01
 1.19000000e-04 3.61642864e-01
 1.19250000e-04 -1.21285238e-02
 1.19500000e-04 -2.10885114e-01
 1.19750000e-04 -7.28664890e-01
 1.20000000e-04 -1.23387925e+00
 1.20250000e-04 1.24052878e+00
 1.20500000e-04 -1.71325367e+00
 1.20750000e-04 7.19121792e-01
 1.21000000e-04 -2.28781057e-01
 1.21250000e-04 -2.96075799e-01
 1.21500000e-04 -3.15220443e-01
 1.21750000e-04 1.34820127e+00
 1.22000000e-04 5.48352248e-02
 1.22250000e-04 -9.84505337e-01
 1.22500000e-04 1.69315136e+00
 1.22750000e-04 1.88358499e+00
 1.23000000e-04 -3.39304134e-01
 1.23250000e-04 6.88531606e-01
 1.23500000e-04 -8.01030873e-02
 1.23750000e-04 5.12542208e-01
 1.24000000e-04 4.89822723e-02
 1.24250000e-04 1.41040555e+00
 1.24500000e-04 -1.56480667e+00
 1.24750000e-04 -1.05023481e-01
 1.25000000e-04 5.72117777e-01
 1.25250000e-04 3.19896626e-01
 1.25500000e-04 -1.42554070e+00
 1.25750000e-04 5.82270440e-01
 1.26000000e-04 6.11032216e-01
 1.26250000e-04 -3.22907843e-01
 1.26500000e-04 7.41395769e-01
 1.26750000e-04 -2.10875475e+00
 1.27000000e-04 7.61720731e-01
 1.27250000e-04 8.83630914e-01
 1.27500000e-04 -1.23431760e+00
 1.27750000e-04 1.54152133e+00
 1.28000000e-04 1.00367973e+00
 1.28250000e-04 -7.41204248e-01
 1.28500000e-04 -1.27436691e+00
 1.28750000e-04 3.83430662e-01
 1.29000000e-04 -5.17446268e-01
 1.29250000e-04 2.48655653e+00
 1.29500000e-04 5.13888353e-01
 1.29750000e-04 -3.10595961e-01
 1.30000000e-04 -2.49913116e+00
 1.30250000e-04 4.22484396e-01
 1.30500000e-04 5.97382948e-01
 1.30750000e-04 -1.64040772e+00
 1.31000000e-04 2.45175723e+00
 1.31250000e-04 -9.59055985e-01
 1.31500000e-04 1.07269252e+00
 1.31750000e-04 8.81656631e-01
 1.32000000e-04 -1.24282039e+00
 1.32250000e-04 -1.65541970e+00
 1.32500000e-04 3.69994818e-01
 1.32750000e-04 -6.11701287e-01
 1.33000000e-04 -1.07496205e+00
 1.33250000e-04 -8.60807039e-01
 1.33500000e-04 -3.02902400e+00
 1.33750000e-04 1.99792570e+00
 1.34000000e-04 -1.66506229e-01
 1.34250000e-04 3.51399494e-01
 1.34500000e-04 1.87537179e+00
 1.34750000e-04 -3.04002124e-01
 1.35000000e-04 -1.25714696e+00
 1.35250000e-04 1.04125963e+00
 1.35500000e-04 -1.91882704e+00
 1.35750000e-04 -7.48780684e-01
 1.36000000e-04 9.78963289e-01
 1.36250000e-04 1.42021132e+00
 1.36500000e-04 1.02410390e+00
 1.36750000e-04 -2.23945247e+00
 1.37000000e-04 6.42587564e-01
 1.37250000e-04 -5.03936352e-01
 1.37500000e-04 2.18110127e-01
 1.37750000e-04 1.02428853e-01
 1.38000000e-04 5.59713433e-01
 1.38250000e-04 -1.61588896e+00
 1.38500000e-04 3.82082813e-02
 1.38750000e-04 -1.38182902e-01
 1.39000000e-04 -1.33032008e+00
 1.39250000e-04 1.07768899e+00
 1.39500000e-04 -5.76844042e-02
 1.39750000e-04 -1.69186902e+00
 1.40000000e-04 -7.22627003e-01
 1.40250000e-04 -1.59796014e+00
 1.40500000e-04 -5.10093603e-01
 1.40750000e-04 -1.12353382e-01
 1.41000000e-04 1.47099787e+00
 1.41250000e-04 -6.40642582e-01
 1.41500000e-04 1.34786281e+00
 1.41750000e-04 1.45416743e+00
 1.42000000e-04 2.90287322e-02
 1.42250000e-04 6.54942239e-01
 1.42500000e-04 -5.11868571e-01
 1.42750000e-04 1.24204032e-01
 1.43000000e-04 2.00352934e-01
 1.43250000e-04 1.83424790e+00
 1.43500000e-04 -1.16438107e+00
 1.43750000e-04 -1.21230599e+00
 1.44000000e-04 -1.70981972e+00
 1.44250000e-04 1.22248428e+00
 1.44500000e-04 4.77391061e-02
 1.44750000e-04 2.71572130e+00
 1.45000000e-04 1.53110861e+00
 1.45250000e-04 1.56937552e+00
 1.45500000e-04 -1.13384784e+00
 1.45750000e-04 -8.26613557e-01
 1.46000000e-04 -6.17630936e-01
 1.46250000e-04 -1.29196633e+00
 1.46500000e-04 -7.01740591e-01
 1.46750000e-04 -6.74028984e-01
 1.47000000e-04 -3.60992803e-01
 1.47250000e-04 -1.18131020e-01
 1.47500000e-04 -6.89156599e-01
 1.47750000e-04 -4.01473134e-01
 1.48000000e-04 7.64564055e-01
 1.48250000e-04 -3.13388544e-01
 1.48500000e-04 5.09499625e-01
 1.48750000e-04 -1.18255892e+00
 1.49000000e-04 2.54637109e-01
 1.49250000e-04 1.26405400e+00
 1.49500000e-04 2.19001016e-01
 1.49750000e-04 -2.21393541e-01
 1.50000000e-04 9.35780724e-01
 1.50250000e-04 -1.71216044e+00
 1.50500000e-04 -1.69018308e+00
 1.50750000e-04 1.17941314e+00
 1.51000000e-04 6.32527124e-01
 1.51250000e-04 -5.79728060e-01
 1.51500000e-04 -5.89099927e-01
 1.51750000e-04 1.59060138e+00
 1.52000000e-04 -3.45708936e-01
 1.52250000e-04 -6.77701190e-02
 1.52500000e-04 1.25506578e+00
 1.52750000e-04 3.82858376e-01
 1.53000000e-04 -3.75992116e-01
 1.53250000e-04 -1.04330708e-01
 1.53500000e-04 1.47013681e+00
 1.53750000e-04 -4.26883037e-01
 1.54000000e-04 -2.13556405e-01
 1.54250000e-04 3.22849290e-02
 1.54500000e-04 2.21180802e+00
 1.54750000e-04 -6.53831460e-01
 1.55000000e-04 7.35971624e-01
 1.55250000e-04 6.22263723e-01
 1.55500000e-04 -3.16144597e-01
 1.55750000e-04 -1.33648093e+00
 1.56000000e-04 -2.79720559e-01
 1.56250000e-04 -5.86542772e-01
 1.56500000e-04 -1.92456182e+00
 1.56750000e-04 -1.01331987e+00
 1.57000000e-04 -2.68798668e-01
 1.57250000e-04 1.05421220e+00
 1.57500000e-04 -3.40891249e+00
 1.57750000e-04 -1.43137010e+00
 1.58000000e-04 9.77486912e-01
 1.58250000e-04 -1.58348328e+00
 1.58500000e-04 -8.18792355e-01
 1.58750000e-04 -3.92254527e-02
 1.59000000e-04 -1.15664509e+00
 1.59250000e-04 1.07457350e+00
 1.59500000e-04 1.56706757e+00
 1.59750000e-04 -4.89266324e-01
 1.60000000e-04 3.29657739e-01
 1.60250000e-04 -2.57140894e-01
 1.60500000e-04 -3.73714462e-01
 1.60750000e-04 4.88636447e-01
 1.61000000e-04 -2.13476703e-01
 1.61250000e-04 1.28550602e+00
 1.61500000e-04 -1.09754165e+00
 1.61750000e-04 -5.53334350e-01
 1.62000000e-04 6.02728935e-01
 1.62250000e-04 -5.45529391e-02
 1.62500000e-04 -5.68864108e-01
 1.62750000e-04 1.38555422e+00
 1.63000000e-04 1.27760898e+00
 1.63250000e-04 1.21810307e+00
 1.63500000e-04 -1.13908063e+00
 1.63750000e-04 4.41256128e-01
 1.64000000e-04 3.62246384e-01
 1.64250000e-04 1.77433488e-01
 1.64500000e-04 -1.24727576e+00
 1.64750000e-04 6.43395527e-01
 1.65000000e-04 -1.15558902e+00
 1.65250000e-04 1.22379208e+00
 1.65500000e-04 -4.53460360e-01
 1.65750000e-04 4.22069096e-01
 1.66000000e-04 -5.56000719e-01
 1.66250000e-04 -1.14521394e+00
 1.66500000e-04 5.64297946e-01
 1.66750000e-04 9.96003861e-02
 1.67000000e-04 3.39663558e-01
 1.67250000e-04 -4.23857066e-01
 1.67500000e-04 1.11284839e+00
 1.67750000e-04 -1.38887423e+00
 1.68000000e-04 1.44219112e+00
 1.68250000e-04 1.55250624e-01
 1.68500000e-04 3.52742519e-01
 1.68750000e-04 1.76742948e-02
 1.69000000e-04 -2.64205409e-01
 1.69250000e-04 -9.23383596e-01
 1.69500000e-04 -3.38076312e-01
 1.69750000e-04 3.68481863e-01
 1.70000000e-04 -6.59191570e-01
 1.70250000e-04 -1.00037977e+00
 1.70500000e-04 6.98845156e-02
 1.70750000e-04 -1.57372466e-01
 1.71000000e-04 6.69236500e-01
 1.71250000e-04 -1.14277032e+00
 1.71500000e-04 1.50960349e+00
 1.71750000e-04 1.39384050e-01
 1.72000000e-04 -6.54081460e-02
 1.72250000e-04 -6.10765905e-01
 1.72500000e-04 -1.47230010e-01
 1.72750000e-04 -1.52074133e+00
 1.73000000e-04 6.96616592e-01
 1.73250000e-04 -1.01649237e+00
 1.73500000e-04 -1.20666540e-02
 1.73750000e-04 -1.29182550e-01
 1.74000000e-04 2.90929220e-01
 1.74250000e-04 -1.25273704e+00
 1.74500000e-04 1.26023081e+00
 1.74750000e-04 -5.59530205e-01
 1.75000000e-04 -2.96639957e-01
 1.75250000e-04 -1.10298294e+00
 1.75500000e-04 -4.30902442e-01
 1.75750000e-04 -6.31029672e-01
 1.76000000e-04 7.95590510e-01
 1.76250000e-04 7.38447080e-01
 1.76500000e-04 1.93528110e+00
 1.76750000e-04 -6.68024661e-01
 1.77000000e-04 -1.90138827e+00
 1.77250000e-04 -3.39139882e-02
 1.77500000e-04 1.05152185e+00
 1.77750000e-04 -1.28301709e+00
 1.78000000e-04 3.70638824e-01
 1.78250000e-04 -7.82042187e-01
 1.78500000e-04 4.15784908e-01
 1.78750000e-04 -1.87817074e+00
 1.79000000e-04 -1.58001466e-01
 1.79250000e-04 -1.71338475e-01
 1.79500000e-04 9.57368630e-01
 1.79750000e-04 3.54168360e-01
 1.80000000e-04 1.34477892e+00
 1.80250000e-04 -5.19399576e-01
 1.80500000e-04 -4.51826749e-01
 1.80750000e-04 8.15998980e-01
 1.81000000e-04 -9.52256830e-01
 1.81250000e-04 -2.64141927e-01
 1.81500000e-04 1.17180621e+00
 1.81750000e-04 -9.24915131e-01
 1.82000000e-04 -1.16070878e+00
 1.82250000e-04 3.04811937e-01
 1.82500000e-04 -5.22828490e-02
 1.82750000e-04 -2.00191600e+00
 1.83000000e-04 -2.05684770e+00
 1.83250000e-04 1.17502353e+00
 1.83500000e-04 1.55911859e+00
 1.83750000e-04 1.11002120e+00
 1.84000000e-04 -6.03848373e-01
 1.84250000e-04 3.30595603e-01
 1.84500000e-04 -1.53074746e+00
 1.84750000e-04 2.77086189e+00
 1.85000000e-04 -5.47825988e-01
 1.85250000e-04 7.27301157e-01
 1.85500000e-04 8.70551248e-01
 1.85750000e-04 9.04716978e-01
 1.86000000e-04 -2.85170381e-01
 1.86250000e-04 1.41868140e+00
 1.86500000e-04 -9.01697880e-01
 1.86750000e-04 5.10810027e-01
 1.87000000e-04 4.05215934e-02
 1.87250000e-04 -1.50499784e+00
 1.87500000e-04 -1.22186127e+00
 1.87750000e-04 -8.98185362e-01
 1.88000000e-04 2.40194958e-01
 1.88250000e-04 -5.93525434e-01
 1.88500000e-04 -5.63782084e-01
 1.88750000e-04 -6.57916036e-01
 1.89000000e-04 -6.69569973e-01
 1.89250000e-04 -5.51691963e-01
 1.89500000e-04 -3.02032779e-01
 1.89750000e-04 3.65220073e-01
 1.90000000e-04 4.30583791e-01
 1.90250000e-04 1.50195679e+00
 1.90500000e-04 -4.39383558e-01
 1.90750000e-04 -6.58657058e-01
 1.91000000e-04 -2.44584665e+00
 1.91250000e-04 9.30470484e-02
 1.91500000e-04 -5.72312189e-01
 1.91750000e-04 -3.67460936e-01
 1.92000000e-04 1.40288546e-01
 1.92250000e-04 4.07327880e-02
 1.92500000e-04 -1.67966317e+00
 1.92750000e-04 7.38766277e-01
 1.93000000e-04 -6.85246066e-01
 1.93250000e-04 7.74232256e-02
 1.93500000e-04 8.08886379e-01
 1.93750000e-04 -9.74491672e-01
 1.94000000e-04 -9.68702192e-01
 1.94250000e-04 -3.18057900e-01
 1.94500000e-04 -3.17509796e-01
 1.94750000e-04 -1.09058754e+00
 1.95000000e-04 -2.21931656e-01
 1.95250000e-04 -1.92044622e-01
 1.95500000e-04 -7.62383094e-01
 1.95750000e-04 -1.07607933e+00
 1.96000000e-04 -6.65313909e-01
 1.96250000e-04 -2.41635683e-01
 1.96500000e-04 -2.82118749e-01
 1.96750000e-04 7.43310920e-01
 1.97000000e-04 5.54898735e-02
 1.97250000e-04 -2.96788884e+00
 1.97500000e-04 8.88706304e-01
 1.97750000e-04 6.72093630e-01
 1.98000000e-04 1.16899280e+00
 1.98250000e-04 5.44759790e-01
 1.98500000e-04 -1.01092794e+00
 1.98750000e-04 -7.30751486e-01
 1.99000000e-04 1.21408424e+00
 1.99250000e-04 -1.00634188e+00
 1.99500000e-04 -9.38401780e-01
 1.99750000e-04 -1.69950607e+00
 2.00000000e-04 3.23716658e-01
 2.00250000e-04 4.05315270e-02
 2.00500000e-04 -5.08490864e-01
 2.00750000e-04 4.89935736e-01
 2.01000000e-04 2.81119449e-01
 2.01250000e-04 -6.13975047e-01
 2.01500000e-04 -3.07328423e-01
 2.01750000e-04 1.29347653e+00
 2.02000000e-04 7.13135727e-01
 2.02250000e-04 -8.44973767e-02
 2.02500000e-04 -2.10170328e+00
 2.02750000e-04 5.23588622e-01
 2.03000000e-04 2.52068456e+00
 2.03250000e-04 6.56221422e-01
 2.03500000e-04 1.35215772e+00
 2.03750000e-04 3.51083794e-01
 2.04000000e-04 1.76309724e+00
 2.04250000e-04 6.40764476e-02
 2.04500000e-04 1.18215510e+00
 2.04750000e-04 4.81058655e-01
 2.05000000e-04 -9.30944319e-01
 2.05250000e-04 2.50192133e+00
 2.05500000e-04 -7.24480989e-02
 2.05750000e-04 3.56812108e-01
 2.06000000e-04 -7.84889869e-01
 2.06250000e-04 5.79503425e-01
 2.06500000e-04 7.37723500e-02
 2.06750000e-04 -1.45730244e+00
 2.07000000e-04 -1.17471681e+00
 2.07250000e-04 -5.94063923e-02
 2.07500000e-04 3.11017476e-01
 2.07750000e-04 1.32848287e+00
 2.08000000e-04 8.81834569e-01
 2.08250000e-04 8.06765742e-01
 2.08500000e-04 1.02252478e+00
 2.08750000e-04 2.67607587e-01
 2.09000000e-04 -8.67852240e-01
 2.09250000e-04 -1.42661536e+00
 2.09500000e-04 -1.51816258e+00
 2.09750000e-04 8.09260073e-01
 2.10000000e-04 1.31955330e+00
 2.10250000e-04 -4.11333232e-01
 2.10500000e-04 -1.35010906e+00
 2.10750000e-04 5.99559254e-01
 2.11000000e-04 -1.73265366e+00
 2.11250000e-04 9.14532313e-01
 2.11500000e-04 -9.55930905e-01
 2.11750000e-04 3.16931227e-01
 2.12000000e-04 -1.93976119e-01
 2.12250000e-04 -2.79597692e-01
 2.12500000e-04 -5.63045770e-01
 2.12750000e-04 3.81646346e-01
 2.13000000e-04 -3.87767621e-01
 2.13250000e-04 -8.88575511e-01
 2.13500000e-04 1.22807040e-01
 2.13750000e-04 6.18177315e-01
 2.14000000e-04 1.60551414e+00
 2.14250000e-04 1.87999039e+00
 2.14500000e-04 4.93075040e-01
 2.14750000e-04 3.06192606e-01
 2.15000000e-04 -5.43111622e-01
 2.15250000e-04 -9.67018333e-02
 2.15500000e-04 -1.32368776e+00
 2.15750000e-04 8.64986903e-02
 2.16000000e-04 5.87358824e-01
 2.16250000e-04 -1.15920960e+00
 2.16500000e-04 5.12847824e-01
 2.16750000e-04 -1.30319425e+00
 2.17000000e-04 1.80306331e+00
 2.17250000e-04 1.47714343e-02
 2.17500000e-04 1.58041328e+00
 2.17750000e-04 6.17179044e-01
 2.18000000e-04 -1.85011377e+00
 2.18250000e-04 -8.36685611e-02
 2.18500000e-04 6.91623738e-01
 2.18750000e-04 2.39893395e-02
 2.19000000e-04 1.95269654e+00
 2.19250000e-04 -1.04245344e+00
 2.19500000e-04 -1.68901590e+00
 2.19750000e-04 -1.50762367e-01
 2.20000000e-04 1.52631022e+00
 2.20250000e-04 -7.88634936e-01
 2.20500000e-04 -2.64124293e-01
 2.20750000e-04 4.58829311e-01
 2.21000000e-04 -1.08091920e+00
 2.21250000e-04 4.04434136e-01
 2.21500000e-04 -8.36786022e-01
 2.21750000e-04 -5.23102912e-01
 2.22000000e-04 7.22278195e-01
 2.22250000e-04 -6.59501615e-01
 2.22500000e-04 3.48881587e-01
 2.22750000e-04 -1.21726794e+00
 2.23000000e-04 -8.87778263e-01
 2.23250000e-04 -9.48027467e-01
 2.23500000e-04 3.22931506e-01
 2.23750000e-04 -6.23017195e-01
 2.24000000e-04 1.04393628e+00
 2.24250000e-04 -1.07425689e-01
 2.24500000e-04 -4.41052400e-01
 2.24750000e-04 -8.21854455e-01
 2.25000000e-04 -2.90657856e-01
 2.25250000e-04 2.98099756e-01
 2.25500000e-04 1.06656853e+00
 2.25750000e-04 -1.78515851e-02
 2.26000000e-04 -5.37569226e-01
 2.26250000e-04 -3.38175127e-01
 2.26500000e-04 -2.35591086e+00
 2.26750000e-04 -8.81546805e-01
 2.27000000e-04 8.74569717e-02
 2.27250000e-04 -8.74511669e-03
 2.27500000e-04 7.49942169e-01
 2.27750000e-04 9.68642143e-01
 2.28000000e-04 -2.61994177e-01
 2.28250000e-04 -6.61062188e-01
 2.28500000e-04 4.75921443e-01
 2.28750000e-04 -2.43948923e-01
 2.29000000e-04 2.05297222e-01
 2.29250000e-04 4.21931022e-01
 2.29500000e-04 -1.08108531e+00
 2.29750000e-04 1.32556866e+00
 2.30000000e-04 1.41486704e+00
 2.30250000e-04 -5.54829965e-01
 2.30500000e-04 -4.10237504e-01
 2.30750000e-04 1.48413081e-01
 2.31000000e-04 -8.42774210e-01
 2.31250000e-04 5.58406946e-01
 2.31500000e-04 4.13288167e-01
 2.31750000e-04 -4.64191444e-01
 2.32000000e-04 -1.35712686e+00
 2.32250000e-04 4.96783758e-01
 2.32500000e-04 1.18138408e+00
 2.32750000e-04 -2.58665634e+00
 2.33000000e-04 -5.25582057e-01
 2.33250000e-04 1.24403408e+00
 2.33500000e-04 -5.57658481e-01
 2.33750000e-04 1.17321537e+00
 2.34000000e-04 -7.54270360e-01
 2.34250000e-04 1.53019467e+00
 2.34500000e-04 2.65126368e+00
 2.34750000e-04 -1.54206882e+00
 2.35000000e-04 9.67053946e-01
 2.35250000e-04 2.13553781e+00
 2.35500000e-04 -5.66073319e-01
 2.35750000e-04 -2.81905154e+00
 2.36000000e-04 2.74004125e-01
 2.36250000e-04 1.03733034e+00
 2.36500000e-04 6.71612427e-01
 2.36750000e-04 1.49651427e-01
 2.37000000e-04 4.51636858e-01
 2.37250000e-04 3.61146938e-01
 2.37500000e-04 1.76466065e+00
 2.37750000e-04 2.54901818e+00
 2.38000000e-04 9.09658817e-01
 2.38250000e-04 1.01164566e+00
 2.38500000e-04 -1.11795588e+00
 2.38750000e-04 -1.34717394e+00
 2.39000000e-04 -1.09557763e+00
 2.39250000e-04 -8.72356416e-01
 2.39500000e-04 3.01884301e-01
 2.39750000e-04 -6.96214290e-01
 2.40000000e-04 2.62321124e-01
 2.40250000e-04 1.64596441e+00
 2.40500000e-04 1.75916128e+00
 2.40750000e-04 3.13057957e-01
 2.41000000e-04 -1.16915347e-02
 2.41250000e-04 1.73370175e+00
 2.41500000e-04 -2.32464591e-01
 2.41750000e-04 4.78762160e-01
 2.42000000e-04 -1.97817391e+00
 2.42250000e-04 5.77758349e-01
 2.42500000e-04 -4.08192606e-01
 2.42750000e-04 1.45556967e+00
 2.43000000e-04 7.06283895e-01
 2.43250000e-04 3.78102803e-01
 2.43500000e-04 -3.39905077e-01
 2.43750000e-04 -3.22031049e-01
 2.44000000e-04 2.03054462e+00
 2.44250000e-04 9.36709970e-01
 2.44500000e-04 -7.96998038e-01
 2.44750000e-04 -3.55134309e-01
 2.45000000e-04 -3.13694595e-01
 2.45250000e-04 5.54540840e-01
 2.45500000e-04 4.34353020e-01
 2.45750000e-04 1.15663087e+00
 2.46000000e-04 -6.37129119e-01
 2.46250000e-04 -8.87358665e-01
 2.46500000e-04 4.32106831e-01
 2.46750000e-04 -1.51164164e+00
 2.47000000e-04 -2.86642248e-01
 2.47250000e-04 -3.58386356e-01
 2.47500000e-04 -7.56695009e-01
 2.47750000e-04 -2.42886725e-01
 2.48000000e-04 -5.53853916e-01
 2.48250000e-04 1.32544477e+00
 2.48500000e-04 4.02658733e-01
 2.48750000e-04 1.24399762e+00
 2.49000000e-04 1.57889845e+00
 2.49250000e-04 -2.10974064e-01
 2.49500000e-04 -2.37335240e-01
 2.49750000e-04 -1.84715730e+00
